image_id,base_image_id,noisy_psnr,denoised_psnr,psnr_improvement,psnr_improvement_percent,noisy_ssim,denoised_ssim,ssim_improvement,ssim_improvement_percent,noisy_mse,denoised_mse,mse_improvement,mse_reduction_percent
00006279_000_aug2.png,00006279_000,5.3230704003896765,17.363369645774128,12.040299245384452,226.1908699254295,0.06586845353728027,0.2906002971284865,0.22473184359120624,341.18281441663476,0.29355735,0.01835114,0.2752062,93.74870657920837
00005537_009_aug1.png,00005537_009,5.956571371239773,18.225361393962366,12.268790022722593,205.97067101319772,0.08740455662688898,0.37425566345338146,0.2868511068264925,328.187817542508,0.25371307,0.015047483,0.23866558,94.06909346580505
00005847_004_aug2.png,00005847_004,6.274360996457156,18.523924513203436,12.249563516746282,195.232048708435,0.0664588495980623,0.3324498983671419,0.2659910487690796,400.23420564420206,0.23581092,0.014047775,0.22176315,94.0427839756012
00004278_000_aug3.png,00004278_000,4.359250435618084,19.66448866712931,15.305238231511225,351.09793432505893,0.05130973799260497,0.28621639861948817,0.2349066606268832,457.82081495083673,0.36650082,0.010803168,0.35569766,97.0523476600647
00004273_000_aug3.png,00004273_000,3.690517631086643,19.96471129897276,16.274193667886117,440.9731992824625,0.07780768517581904,0.4191084593798497,0.34130077420403065,438.6466111063533,0.42751193,0.010081586,0.41743034,97.64180183410645
00004372_000_aug3.png,00004372_000,4.5163328581205935,18.818055799332573,14.30172294121198,316.6667159063965,0.06133173817171707,0.3086684036313392,0.24733666545962213,403.2767908307556,0.35348153,0.013127875,0.34035367,96.28612399101257
00006304_033_aug4.png,00006304_033,6.880522357258668,18.848180265442917,11.967657908184249,173.93531023932889,0.12419301339390258,0.2851358382337197,0.1609428248398171,129.59088473790007,0.20509155,0.013037129,0.19205442,93.64326596260071
00004858_017_aug4.png,00004858_017,8.322772055817326,19.500666154138926,11.1778940983216,134.30494099028752,0.08983193488453532,0.31885185044802006,0.22901991556348472,254.94265024776928,0.14713731,0.011218464,0.13591886,92.37551689147949
00006425_019_aug2.png,00006425_019,6.668851435658029,18.54522147712458,11.876370041466553,178.08718871684817,0.07567866165011596,0.3287983718426267,0.2531197101925108,334.4664198248582,0.21533512,0.013979056,0.20135605,93.50823163986206
00005798_010_aug0.png,00005798_010,7.3103651121710325,19.85860563330611,12.548240521135076,171.64998366830545,0.09191666228873878,0.361643502088368,0.2697268397996292,293.4471651639541,0.18576482,0.01033093,0.17543389,94.43870186805725
00004674_001_aug4.png,00004674_001,5.064422312359293,18.650779336463156,13.586357024103863,268.2706177750523,0.07927861500174148,0.3050815531936693,0.22580293819192782,284.82200173018623,0.31157154,0.013643383,0.29792815,95.62110900878906
00005913_004_aug0.png,00005913_004,7.298403226076644,17.48925780713455,10.190854581057906,139.63129009708248,0.09318358328941335,0.2952924727051605,0.20210888941574717,216.89323621310973,0.1862772,0.017826835,0.16845036,90.42993783950806
00005135_001_aug4.png,00005135_001,7.8429291030153925,15.840318613707666,7.997389510692273,101.96942246510292,0.07236076623636244,0.1809757250871451,0.10861495885078266,150.1020020932309,0.16432631,0.026059624,0.13826668,84.14153456687927
00006210_003_aug1.png,00006210_003,6.907361542696431,19.099222669105064,12.191861126408632,176.50532770070245,0.07583546387752754,0.35114747093064386,0.2753120070531163,363.0386009080641,0.203828,0.012304889,0.19152312,93.96310448646545
00004928_007_aug0.png,00004928_007,6.832876810710507,17.775271281975506,10.942394471264999,160.14330090237888,0.09132912240877837,0.2872069319001461,0.19587780949136774,214.47464327385276,0.20735395,0.016690634,0.19066331,91.95064902305603
00005992_003_aug3.png,00005992_003,4.161846075833996,17.93790676374622,13.776060687912224,331.0084139801261,0.04733755678000061,0.3950230826331925,0.3476855258531919,734.4813494896798,0.38354418,0.01607716,0.36746702,95.80826163291931
00004959_007_aug0.png,00004959_007,7.004089613589062,14.13375510843699,7.129665494847928,101.79289369763671,0.036270985793591365,0.08080698763194794,0.04453600183835657,122.78685253221194,0.19933844,0.038603306,0.16073513,80.63428997993469
00006355_005_aug2.png,00006355_005,5.200730144873313,17.08219721058092,11.881467065707605,228.45767295616972,0.07032306210059786,0.2841104412567455,0.21378737915614765,304.00749451200323,0.3019444,0.019578539,0.28236586,93.51584315299988
00005213_000_aug0.png,00005213_000,7.292652130686129,16.107635469411537,8.814983338725408,120.87486391450912,0.06913609405320648,0.16092139382979523,0.09178529977658875,132.7603201100017,0.18652403,0.024503969,0.16202006,86.86283230781555
00005962_026_aug0.png,00005962_026,7.247857285808285,19.98760598871991,12.739748702911625,175.7726207972772,0.0867551119020277,0.3416230342273498,0.25486792232532207,293.7785644414172,0.18845786,0.010028579,0.17842928,94.67860460281372
00005498_000_aug4.png,00005498_000,5.277825581852777,17.0860698166494,11.808244234796621,223.73312743410793,0.06812796623049336,0.30485666073441886,0.2367286945039255,347.47653218212207,0.29663163,0.01956109,0.27707055,93.40559840202332
00005206_000_aug3.png,00005206_000,5.547413924009394,15.83195224344432,10.284538319434926,185.39338258,0.052409393116314845,0.17722990116280526,0.12482050804649042,238.16438356664403,0.27877808,0.026109874,0.2526682,90.63417315483093
00006296_025_aug0.png,00006296_025,7.064252499516119,18.93555833200289,11.871305832486772,168.04758653940982,0.10724857588572814,0.3242522613241569,0.21700368543842877,202.33712536159283,0.19659603,0.01277745,0.18381858,93.50065588951111
00004668_002_aug1.png,00004668_002,6.375513707098721,20.127603395625158,13.752089688526437,215.7016723721318,0.08327200487228256,0.36629697114388465,0.2830249662716021,339.8800914012918,0.23038207,0.009710457,0.22067161,95.78506350517273
00004330_002_aug1.png,00004330_002,4.742328757211306,19.46788136937715,14.725552612165844,310.51311214503625,0.05764335143761588,0.26894999681019294,0.21130664537257704,366.57591916955454,0.33555764,0.011303471,0.32425416,96.63143157958984
00004519_015_aug2.png,00004519_015,7.290049117762845,17.076293638635057,9.786244520872213,134.24113284816107,0.09225916005090656,0.2754928333612212,0.18323367331031465,198.6075672152341,0.18663585,0.019605171,0.16703068,89.49549198150635
00005497_000_aug2.png,00005497_000,4.8785930093141205,19.370070300779638,14.491477291465518,297.0421444010323,0.0628034691843593,0.368353111882341,0.3055496426979817,486.5171409576787,0.32519263,0.0115609355,0.31363168,96.44489288330078
00004006_014_aug4.png,00004006_014,7.795136375175068,21.535520202297995,13.740383827122926,176.2686778756239,0.0950901213329976,0.3165137033039985,0.22142358197100087,232.85655635625298,0.16614467,0.0070217922,0.15912288,95.77369093894958
00006162_004_aug3.png,00006162_004,5.081177825176572,19.512593652988013,14.431415827811442,284.0171378436248,0.05568319922926318,0.19034779384774528,0.1346645946184821,241.84062065836162,0.31037176,0.011187696,0.29918405,96.39538526535034
00004267_000_aug1.png,00004267_000,4.804369021820133,18.174595813319726,13.370226791499594,278.2930855389266,0.09634753038527699,0.3664884423165118,0.2701409119312348,280.3817709192839,0.33079818,0.015224408,0.31557378,95.39768099784851
00005746_006_aug4.png,00005746_006,5.459757657105114,17.61450158254338,12.154743925438265,222.6242388180098,0.06114280175422554,0.31382969835478197,0.25268689660055643,413.2733361095829,0.28446198,0.017320078,0.2671419,93.9112901687622
00004724_008_aug1.png,00004724_008,7.252480777912873,15.452097733731707,8.199616955818833,113.05947863785346,0.09835208869252349,0.2673651440991708,0.1690130554066473,171.84490706143518,0.18825734,0.028496414,0.15976092,84.86305475234985
00004669_001_aug4.png,00004669_001,6.006053342973193,19.4673485621057,13.461295219132506,224.12879890388595,0.1054421238332168,0.42125076269067685,0.31580863885746,299.50898879558866,0.2508388,0.011304859,0.23953393,95.49317955970764
00004755_018_aug2.png,00004755_018,7.751985658163423,19.202344921313024,11.4503592631496,147.70872610028002,0.12085675613662394,0.3266944289166465,0.20583767278002257,170.3154042520643,0.16780367,0.012016155,0.15578753,92.83916354179382
00005892_006_aug2.png,00005892_006,5.2464210101840365,21.089192545181092,15.842771534997055,301.97293553536826,0.08558611776925001,0.3399190323727672,0.2543329146035172,297.1660839778104,0.2987844,0.007781813,0.2910026,97.39550948143005
00005410_003_aug2.png,00005410_003,5.342079829622737,18.240671898542193,12.898592068919456,241.4526266978374,0.0585450308927843,0.32048111751394637,0.2619360866211621,447.4095967270995,0.29227522,0.014994528,0.2772807,94.86972093582153
00004144_000_aug2.png,00004144_000,4.469862154292112,20.953428838252638,16.483566683960525,368.7712532283003,0.06398648509721845,0.36980486148074193,0.3058183763835235,477.94214031115405,0.3572842,0.00802892,0.34925526,97.7527916431427
00005376_008_aug0.png,00005376_008,5.314669265039919,17.06067707458428,11.746007809544361,221.011077524805,0.058571262156475276,0.2918455215316988,0.2332742593752235,398.2742573517073,0.2941258,0.019675795,0.27445,93.3104157447815
00004674_003_aug0.png,00004674_003,5.525021651476861,20.14611542431833,14.621093772841471,264.63414435549214,0.06547506429266448,0.35200418465272804,0.28652912036006356,437.61563803789187,0.28021914,0.009669154,0.27054998,96.54943346977234
00005798_011_aug2.png,00005798_011,9.169036728835755,15.567329453836544,6.39829272500079,69.78151483327319,0.09053525476264077,0.2179118346841731,0.12737657992153234,140.69279448705333,0.121086664,0.027750261,0.0933364,77.08231210708618
00005721_001_aug2.png,00005721_001,7.031752340509742,18.698858047857854,11.667105707348112,165.92031605172184,0.07945721108403482,0.23566457971654065,0.15620736863250584,196.59306751567104,0.19807276,0.013493177,0.18457958,93.18776726722717
00005936_008_aug3.png,00005936_008,4.608477145131591,16.905075210381586,12.296598065249995,266.8256275989164,0.05776722388975123,0.26403590530833737,0.20626868141858615,357.06871047196245,0.3460607,0.020393534,0.32566717,94.10695433616638
00005094_007_aug4.png,00005094_007,7.946693895262719,17.721981122612483,9.775287227349764,123.01074328755924,0.08796304636475895,0.2855426921879044,0.19757964582314547,224.61664754519316,0.16044664,0.016896699,0.14354995,89.46896195411682
00005759_022_aug2.png,00005759_022,5.17120441509011,18.211176057954006,13.039971642863897,252.16507792288985,0.08340494912895549,0.3116833866692949,0.2282784375403394,273.69891106508516,0.30400416,0.015096713,0.28890744,95.03403902053833
00006393_005_aug2.png,00006393_005,3.0698105051555924,22.948170969698722,19.878360464543128,647.5435676292859,0.05691883888056077,0.38613667569459975,0.329217836814039,578.3987222664081,0.49319533,0.0050720423,0.4881233,98.97159934043884
00004992_010_aug4.png,00004992_010,5.988752770677184,19.516798042865318,13.528045272188134,225.8908622580931,0.0633855229446977,0.3547853605710641,0.2913998376263664,459.72617103846505,0.25184,0.011176869,0.24066313,95.56191563606262
00006357_000_aug1.png,00006357_000,5.277083692867935,17.699235464646797,12.422151771778863,235.39804359304753,0.08113070677161857,0.36578427065473684,0.28465356388311824,350.8579860944793,0.2966823,0.016985428,0.27969688,94.27487850189209
00005348_007_aug4.png,00005348_007,7.332311764185899,16.488535216450902,9.156223452265003,124.87498822660348,0.05458861802709561,0.2625014855081533,0.20791286748105767,380.8721945989877,0.18482845,0.02244639,0.16238205,87.85555362701416
00004127_000_aug2.png,00004127_000,4.44285852960606,21.737739306823457,17.294880777217397,389.27372235619896,0.06695079683344267,0.4019094773726234,0.3349586805391807,500.3057415021909,0.35951263,0.006702334,0.3528103,98.13571572303772
00005521_001_aug4.png,00005521_001,5.7858147633787205,18.83850468592948,13.052689922550758,225.59813019192524,0.07671726435097795,0.27197431033528463,0.19525704598430668,254.51513115876327,0.26388732,0.013066207,0.2508211,95.04856467247009
00006383_003_aug3.png,00006383_003,3.8049506138476374,18.469192744831467,14.66424213098383,385.39901352767026,0.04822434939880634,0.34964539393006033,0.301421044531254,625.0391105094201,0.41639447,0.014225932,0.40216854,96.5835452079773
00004351_001_aug4.png,00004351_001,3.938098956360961,19.320255641597935,15.382156685236975,390.5985313139771,0.04644724620849609,0.23806830338665064,0.19162105717815453,412.55633610223236,0.40382212,0.011694306,0.3921278,97.10409045219421
00006210_002_aug0.png,00006210_002,6.321207406487266,17.240341556067797,10.91913414958053,172.7381091526051,0.04807139805082425,0.07831601971004473,0.030244621659220483,62.91604339704012,0.23328094,0.01887843,0.21440251,91.9074296951294
00005626_008_aug2.png,00005626_008,5.658212824414656,19.649478176089474,13.991265351674818,247.27357888172432,0.05847720407071424,0.32064021568144285,0.26216301161072864,448.316597513289,0.27175573,0.0108405715,0.26091516,96.01091742515564
00006383_000_aug2.png,00006383_000,5.92538603619726,16.626212248078257,10.700826211880997,180.59289549256906,0.05801444860882271,0.1737802548017982,0.1157658061929755,199.5465077562938,0.25554147,0.021745969,0.23379551,91.490238904953
00006271_061_aug4.png,00006271_061,5.996150773514055,18.270787386613065,12.27463661309901,204.7086051824784,0.05802629846882265,0.28616657556437086,0.2281402770955482,393.16703480255126,0.25141138,0.014890911,0.23652047,94.07707452774048
00005963_014_aug3.png,00005963_014,8.188402199093215,17.801975822517328,9.613573623424113,117.40475601563296,0.05387204310752337,0.09218730302620243,0.03831525991867906,71.12271543554701,0.15176086,0.01658832,0.13517255,89.06943798065186
00004006_043_aug2.png,00004006_043,7.8221016214805905,17.701206312446473,9.879104690965882,126.29731968498686,0.10748094042286196,0.29145270302695137,0.1839717626040894,171.1668709636237,0.16511627,0.01697772,0.14813855,89.71772193908691
00005747_000_aug1.png,00005747_000,5.035329898293433,17.48365529843944,12.448325400146008,247.2196589217516,0.0588123918462927,0.2792160895496158,0.2204036977033231,374.7572421120915,0.3136657,0.017849848,0.29581583,94.30927038192749
00004992_014_aug2.png,00004992_014,6.403502842970928,13.4213882109589,7.017885367987972,109.59447571248361,0.04134580065689224,0.0766127346703484,0.035266934013456167,85.29749926992226,0.22890207,0.045484263,0.18341781,80.12937903404236
00004534_007_aug4.png,00004534_007,7.55604467992275,18.710639534247942,11.154594854325193,147.6247868671845,0.07814423720903593,0.22986280119010544,0.1517185639810695,194.15195464154593,0.17554785,0.013456622,0.16209123,92.33449697494507
00005495_000_aug2.png,00005495_000,10.8641696437222,15.84382374821617,4.979654104493971,45.8355702073507,0.06425400619261151,0.10226065796949778,0.038006651776886266,59.15063360089226,0.08195643,0.026038598,0.055917833,68.2287335395813
00005750_028_aug1.png,00005750_028,9.266686134042697,16.425278481688682,7.158592347645985,77.25083426908913,0.07106091687060186,0.10312625010158746,0.03206533323098561,45.123725731508465,0.11839445,0.02277572,0.095618725,80.76284527778625
00004328_002_aug0.png,00004328_002,7.719605708378266,18.66260779926303,10.943002090884763,141.75597179799055,0.08819918014367603,0.31352688540737317,0.22532770526369714,255.475963491542,0.16905946,0.0136062745,0.15545318,91.95177555084229
00005589_002_aug2.png,00005589_002,5.375878161497905,18.48883520687892,13.112957045381016,243.92213981514965,0.07264890860438873,0.3054526698837149,0.23280376127932617,320.4504592726428,0.2900095,0.014161736,0.27584776,95.11680006980896
00005806_009_aug4.png,00005806_009,8.437998402216026,15.835210992906845,7.397212590690819,87.6654893505091,0.07640207510539176,0.2603679464948375,0.18396587138944576,240.78648536139448,0.14328481,0.02609029,0.11719452,81.79130554199219
00006232_005_aug3.png,00006232_005,4.5014662351260695,20.418083621065463,15.916617385939393,353.58739918424885,0.0767928356391553,0.451651516556002,0.3748586809168467,488.14277763915896,0.35469362,0.009082211,0.34561142,97.43942618370056
00005372_012_aug1.png,00005372_012,5.7801713404470165,20.394448802041207,14.614277461594192,252.83467566662097,0.06861720153281237,0.3399293973622052,0.2713121958293928,395.3996807923634,0.26423046,0.009131773,0.2550987,96.54401540756226
00005986_008_aug0.png,00005986_008,5.058965267708514,17.502655502176125,12.443690234467612,245.97303155836943,0.05281293070314853,0.3058840750129669,0.25307114430981836,479.1840576549014,0.31196326,0.017771924,0.29419133,94.30319666862488
00006008_005_aug3.png,00006008_005,5.328058288059683,17.093312392768816,11.765254104709133,220.81691807079835,0.07717665762350859,0.28709355971511225,0.20991690209160366,271.9953267678975,0.2932204,0.019528493,0.2736919,93.33999156951904
00001033_000_aug0.png,00001033_000,4.280623954570173,18.917348230136355,14.63672427556618,341.92969134650104,0.06511790680954445,0.32477417680012033,0.2596562699905759,398.74787552679385,0.37319654,0.012831138,0.3603654,96.56182527542114
00005681_000_aug0.png,00005681_000,5.994080728297031,18.32860730527773,12.334526576980696,205.7784527117145,0.08111231046070838,0.3330469109816325,0.25193460052092415,310.59970932891105,0.25153124,0.014693974,0.23683727,94.15819048881531
00005360_001_aug0.png,00005360_001,4.908120821137125,18.756570236294362,13.848449415157237,282.15380019819474,0.07183702682353049,0.37960414779542107,0.3077671209718906,428.42407958771514,0.32298914,0.0133150555,0.30967408,95.8775520324707
00004608_012_aug3.png,00004608_012,8.209947601365839,15.722532176401629,7.51258457503579,91.50587725780329,0.0722925261550712,0.1750495428640818,0.1027570167090106,142.14058101745056,0.15100983,0.026776068,0.12423376,82.26866126060486
00004646_000_aug1.png,00004646_000,6.002333113944516,16.8639734781109,10.861640364166384,180.95697386292687,0.06929559020137198,0.22280742787041474,0.15351183766904275,221.53190011505723,0.25105375,0.020587455,0.23046629,91.7995810508728
00006144_004_aug0.png,00006144_004,5.368626809716137,19.391865186051238,14.023238376335101,261.20717407579633,0.07310131680543298,0.3924633951570806,0.31936207835164765,436.8759583382939,0.29049408,0.011503062,0.278991,96.0401713848114
00004082_011_aug0.png,00004082_011,5.790839186093582,20.070224462575773,14.279385276482191,246.5857679276164,0.09483857407678484,0.3413789169143855,0.24654034283760065,259.95787604102145,0.2635822,0.009839602,0.2537426,96.26697301864624
00004925_005_aug0.png,00004925_005,6.036906142952586,15.295665277172594,9.258759134220007,153.3692741774456,0.07130264367163368,0.19457903343344665,0.12327638976181297,172.89175185359363,0.2490631,0.029541563,0.21952154,88.13892006874084
00006144_000_aug0.png,00006144_000,5.008839745258687,19.456295317439483,14.447455572180797,288.43916569414307,0.0838163834034705,0.338062465547023,0.2542460821435525,303.3369752064787,0.31558475,0.011333668,0.30425107,96.40867710113525
00005372_023_aug2.png,00005372_023,7.613514986847331,15.13605973856372,7.522544751716389,98.80514801260524,0.08690447044927434,0.20319216316585423,0.11628769271657989,133.8109444950319,0.17324014,0.030647427,0.14259271,82.30928182601929
00004094_006_aug0.png,00004094_006,5.248183971369059,19.03143305738501,13.78324908601595,262.6289238565013,0.06415330021995062,0.22581132086992542,0.1616580206499748,251.98706862426044,0.2986631,0.012498465,0.28616464,95.81519365310669
00005936_006_aug4.png,00005936_006,4.663175664092219,19.37072916681191,14.70755350271969,315.39780103014436,0.0668953679333296,0.3388449463719849,0.2719495784386553,406.5297595936542,0.3417295,0.011559182,0.3301703,96.61744236946106
00006022_006_aug4.png,00006022_006,4.593832120694953,19.922304751858025,15.328472631163073,333.67507188843877,0.06683547812239389,0.32564129988150575,0.2588058217591119,387.22820428570617,0.34722966,0.010180511,0.33704916,97.06807732582092
00004066_003_aug4.png,00004066_003,4.462946033569469,17.927918926791328,13.464972893221859,301.70593128262766,0.056467464715070866,0.3221702402881495,0.26570277557307864,470.54135848632137,0.35785362,0.016114177,0.34173945,95.49699425697327
00005869_000_aug0.png,00005869_000,6.2603382616129855,19.388134914154385,13.127796652541399,209.6978805927813,0.07558807569693372,0.31711001616759527,0.24152194047066156,319.5238643711882,0.23657355,0.011512946,0.2250606,95.13345956802368
00005493_016_aug2.png,00005493_016,5.121132114103265,19.75300776392221,14.631875649818944,285.71564497474515,0.07756958117704804,0.26213485161553157,0.18456527043848353,237.9351127566669,0.3075295,0.010585204,0.29694432,96.55799269676208
00004102_000_aug3.png,00004102_000,4.223693044532611,19.05574900079874,14.83205595626613,351.16320717163825,0.0463952799057823,0.3044304498784243,0.25803516997264203,556.1668568368369,0.37812093,0.012428682,0.36569226,96.71304225921631
00004556_005_aug1.png,00004556_005,5.915529566929292,21.001485381202816,15.085955814273524,255.02291288697813,0.08027876826696613,0.17379882145142667,0.09352005318446054,116.4941306441831,0.2561221,0.007940566,0.24818155,96.89970016479492
00004554_000_aug3.png,00004554_000,8.212988953577206,22.78803337970008,14.575044426122876,177.46333896838672,0.08680914617805204,0.19828520131976587,0.11147605514171384,128.4151037646058,0.15090412,0.005262555,0.14564157,96.51265144348145
00004680_002_aug2.png,00004680_002,5.695824143559976,19.516180479825877,13.8203563362659,242.64015159056456,0.05873179150335539,0.31623672869957764,0.25750493719622225,438.4421632728687,0.2694124,0.011178459,0.25823393,95.85079550743103
00005348_001_aug1.png,00005348_001,6.006410703104854,17.63505450625907,11.628643803154215,193.60387389332362,0.05770400595761638,0.30651632111156474,0.24881231515394836,431.18724779125586,0.25081813,0.017238304,0.23357983,93.12716722488403
00005789_000_aug3.png,00005789_000,6.0377342129380285,19.124068394208656,13.086334181270628,216.74246861063256,0.0855503012155026,0.328516680405266,0.24296637918976338,284.0041189074567,0.24901561,0.012234695,0.23678091,95.08677124977112
00005254_013_aug4.png,00005254_013,7.611437557129007,16.218991505733435,8.607553948604426,113.08709930284377,0.0924209231007137,0.24259546809654148,0.15017454499582777,162.4897695862422,0.17332304,0.023883658,0.14943938,86.22015118598938
00004822_027_aug4.png,00004822_027,7.385742331071221,19.568494557501726,12.182752226430505,164.9495972148751,0.1076337051126413,0.4074690724944094,0.2998353673817681,278.570144052909,0.18256846,0.011044614,0.17152384,93.95042061805725
00006019_004_aug0.png,00006019_004,4.41304744955675,17.947077331009,13.534029881452252,306.68217453251316,0.05824777024082924,0.36891082254072005,0.31066305229989083,533.3475444904311,0.3619889,0.016043246,0.34594566,95.56803107261658
00004893_024_aug2.png,00004893_024,6.971812036120522,17.678625545806327,10.706813509685805,153.57289402259374,0.08935125950936915,0.28110666494526043,0.19175540543589129,214.60850858603098,0.20082548,0.017066224,0.18375926,91.50196313858032
00006068_008_aug4.png,00006068_008,6.802944478768895,22.903746396740342,16.100801917971445,236.67401620313018,0.08509318350846609,0.26888349512929144,0.18379031162082535,215.9871144115083,0.20878801,0.0051241918,0.20366381,97.54574298858643
00005079_001_aug2.png,00005079_001,5.571264791346979,17.170055304751642,11.598790513404662,208.18953949952882,0.08128950167885857,0.28482460703863344,0.20353510535977487,250.38301521869144,0.27725124,0.019186443,0.2580648,93.07976365089417
00004186_005_aug2.png,00004186_005,4.663128436427927,18.887234703135306,14.224106266707379,305.0335512011631,0.06047378501427121,0.25159158243576235,0.19111779742149115,316.03412516082676,0.3417332,0.012920417,0.32881278,96.21915221214294
00005939_006_aug1.png,00005939_006,6.780552681768843,18.90399051335801,12.123437831589168,178.79719250889332,0.09602806240204732,0.3115370329414295,0.21550897053938217,224.42290841722482,0.20986728,0.012870664,0.19699661,93.86723637580872
00004265_000_aug0.png,00004265_000,4.791491882830118,18.972735199690288,14.181243316860169,295.9671781491978,0.08164877249228547,0.2988311405182064,0.21718236802592095,265.9958764798837,0.33178046,0.012668537,0.3191119,96.18164896965027
00005775_000_aug3.png,00005775_000,5.838263647595719,19.671208448426935,13.832944800831216,236.93593910456278,0.06417909092926656,0.21322493779948726,0.1490458468702207,232.2342755438652,0.2607196,0.010786465,0.24993314,95.86281180381775
00005049_001_aug2.png,00005049_001,7.01940858712558,18.352580099185563,11.333171512059984,161.4547916878119,0.07626339844851973,0.3079009383373183,0.23163753988879857,303.7335662993847,0.19863653,0.014613088,0.18402344,92.64330267906189
00003945_003_aug3.png,00003945_003,11.037650821753324,14.42527869043566,3.387627868682335,30.691565835783635,0.07265160946483742,0.12781462539288585,0.055163015928048426,75.92814024959311,0.07874717,0.036097087,0.04265008,54.16077971458435
00005693_010_aug0.png,00005693_010,5.752343867345625,18.16901140644778,12.416667539102153,215.854055763042,0.08782134814848247,0.2931849561240159,0.20536360797553344,233.8424680389993,0.26592895,0.015243998,0.25068495,94.26763653755188
00004933_002_aug2.png,00004933_002,8.099254388090335,19.354540676622985,11.25528628853265,138.96694373599559,0.14691092711992726,0.4175407341150945,0.27062980699516725,184.21353149193934,0.15490825,0.011602349,0.14330591,92.51018762588501
00004438_005_aug3.png,00004438_005,8.962375536161892,18.96267641795359,10.000300881791697,111.58091782074881,0.0721072845286846,0.11684607128916064,0.04473878676047603,62.04475324913773,0.12698793,0.012697914,0.11429002,90.00069499015808
00005722_007_aug2.png,00005722_007,5.255872422292799,17.424137295945815,12.168264873653015,231.51750834059982,0.06707519587199472,0.2756367087551927,0.20856151288319796,310.93686745427266,0.29813486,0.018096153,0.2800387,93.9302146434784
00004665_001_aug1.png,00004665_001,5.471524579578849,17.098162431158972,11.626637851580123,212.4935688852382,0.05022184206444267,0.12985491235909466,0.079633070294652,158.56262339495635,0.2836923,0.019506697,0.2641856,93.12399625778198
00006160_009_aug1.png,00006160_009,6.2402529372316,17.721649241116875,11.481396303885276,183.98927766826765,0.08387841349774834,0.3088288156636711,0.22495040216592277,268.1862862987524,0.23767018,0.016897991,0.22077219,92.89014935493469
00005778_035_aug3.png,00005778_035,6.137910672315565,19.342570408506678,13.204659736191113,215.13281051399815,0.07256903991714088,0.32560369766494834,0.2530346577478075,348.6812806628305,0.24333742,0.011634372,0.23170304,95.21883130073547
00004418_006_aug1.png,00004418_006,7.04430440723192,18.860963841858126,11.816659434626207,167.74771150569282,0.08044160745299264,0.2593972688237033,0.17895566137071064,222.46654068329786,0.19750111,0.01299881,0.1845023,93.4183657169342
00006351_002_aug4.png,00006351_002,5.834501721998252,16.27707513472476,10.44257341272651,178.9796954443274,0.05622103833919029,0.3248045550121679,0.2685835166729776,477.7277770157345,0.2609455,0.02356636,0.23737913,90.96885323524475
00006024_000_aug0.png,00006024_000,5.734826804929245,14.557296754598612,8.822469949669367,153.84021610009574,0.058722228815078985,0.20953621554777146,0.15081398673269247,256.8260602090187,0.26700372,0.035016306,0.23198742,86.88546419143677
00004590_003_aug0.png,00004590_003,7.537758648793572,17.767475343300397,10.229716694506825,135.71297743984022,0.08462546650487317,0.29616018118156795,0.21153471467669477,249.96578856615642,0.17628857,0.016720623,0.15956795,90.51519632339478
00005684_001_aug1.png,00005684_001,6.725934271181492,18.713930019658974,11.987995748477482,178.23539846118132,0.10439874806454065,0.3262475792333239,0.2218488311687833,212.5014286872803,0.21252331,0.01344643,0.19907688,93.67296099662781
00005935_003_aug3.png,00005935_003,4.899929008668669,17.84643167766999,12.946502669001323,264.21816818360276,0.06972901665453177,0.28861566450585113,0.21888664785131937,313.91041829225867,0.32359898,0.016419385,0.3071796,94.92601156234741
00005778_023_aug4.png,00005778_023,6.004155653640474,19.07536872695551,13.071213073315036,217.7027683382862,0.06894740886577085,0.32522720048007636,0.25627979161430553,371.7032965129114,0.2509484,0.012372661,0.23857574,95.06964087486267
00005964_002_aug2.png,00005964_002,5.390558412466521,16.36912854270969,10.978570130243167,203.6629471420527,0.057757645562917244,0.29436003814786943,0.2366023925849522,409.64687926417236,0.28903082,0.023072101,0.26595873,92.01743006706238
00004549_003_aug0.png,00004549_003,5.333059890718253,17.129714445716022,11.796654554997769,221.19861386760093,0.05024097685918357,0.16515110803353342,0.11491013117434984,228.7179476952096,0.29288292,0.019365493,0.27351743,93.38797330856323
00004994_004_aug2.png,00004994_004,6.5243640997253145,18.767878642202753,12.243514542477438,187.65835804585015,0.10529404669879057,0.3043134171131959,0.19901937041440537,189.01293724965302,0.2226197,0.01328043,0.20933926,94.0344750881195
00004641_001_aug3.png,00004641_001,6.222585433222991,19.636078556081,13.413493122858007,215.5614136085952,0.10661193137508998,0.26881653043863923,0.16220459906354925,152.14488375871275,0.23863903,0.01087407,0.22776496,95.4433023929596
00005878_003_aug4.png,00005878_003,6.756818063181941,18.641739268865813,11.884921205683872,175.89523788490155,0.07583664835169958,0.2366028905231557,0.16076624217145613,211.9901731757548,0.21101736,0.013671812,0.19734554,93.52099895477295
00006148_003_aug4.png,00006148_003,4.5673452442888856,18.868984994030992,14.301639749742106,313.12806422122804,0.06780282031242861,0.3500642377520909,0.28226141743966227,416.2974580394,0.3493538,0.012974825,0.33637896,96.28604650497437
00005367_001_aug3.png,00005367_001,4.972498153289467,18.609268239350456,13.636770086060988,274.24384415386515,0.07897560462496132,0.3069713768157092,0.22799577219074785,288.6913918208695,0.31823665,0.0137744155,0.30446222,95.67164182662964
00005395_004_aug1.png,00005395_004,5.166113909066369,19.02690255624439,13.860788647178023,268.3020330398207,0.06481508073722315,0.3444264041549716,0.27961132341774847,431.39855761557095,0.30436075,0.01251151,0.29184923,95.88924646377563
00005202_002_aug3.png,00005202_002,6.310265635456024,18.023029188555228,11.712763553099204,185.61442940353743,0.0869519464373772,0.28050173152845537,0.19354978509107817,222.59396485215285,0.23386943,0.015765112,0.21810432,93.2590126991272
00006041_001_aug1.png,00006041_001,6.266833698362784,19.343475297728993,13.076641599366209,208.66425102013628,0.08246973582799101,0.32767774113382186,0.24520800530583087,297.33089701810945,0.23621999,0.011631949,0.22458804,95.07579803466797
00004299_007_aug0.png,00004299_007,6.973121082196133,17.92561033649839,10.952489254302257,157.067246147013,0.08165661773127299,0.25910967762550563,0.17745305989423266,217.31620145989882,0.20076495,0.016122743,0.18464221,91.96934103965759
00005489_000_aug3.png,00005489_000,5.9505443040210135,21.21093248476244,15.260388180741428,256.45365198658203,0.07611852042827028,0.3312882662748545,0.25516974584658425,335.22688619130685,0.25406545,0.0075667044,0.24649875,97.02175259590149
00005907_007_aug2.png,00005907_007,7.5421551666887785,16.131440311628168,8.589285144939389,113.88369710126676,0.08134395804926217,0.19849217307774,0.11714821502847783,144.01587756220627,0.1761102,0.024370026,0.15174016,86.1620545387268
00004843_004_aug3.png,00004843_004,6.952708278066579,16.393058775950028,9.440350497883449,135.7794706800015,0.08039778774900283,0.2853818270924164,0.20498403934341355,254.96228824524584,0.20171082,0.02294532,0.1787655,88.62465023994446
00006204_002_aug3.png,00006204_002,5.926643284518995,17.55822168718746,11.631578402668463,196.25912754107117,0.032580103073403775,0.22418476557990707,0.1916046625065033,588.1033036476689,0.2554675,0.017545989,0.23792152,93.13181638717651
00006160_007_aug1.png,00006160_007,6.489741471639448,19.701692803734247,13.211951332094799,203.58209013150685,0.08148240042080815,0.2956787702408162,0.21419636982000803,262.87439829191476,0.22440156,0.010711017,0.21369055,95.22685408592224
00004863_002_aug1.png,00004863_002,5.6387151449971915,16.96894697164113,11.330231826643939,200.93641078316224,0.09301127923210467,0.3366002409099327,0.243588961677828,261.89185192256605,0.27297854,0.0200958,0.25288275,92.63832569122314
00005710_000_aug4.png,00005710_000,4.473262435596296,20.08027457514563,15.607012139549333,348.8955178519251,0.06120748362819243,0.38973441690660593,0.3285269332784135,536.7430807547405,0.35700455,0.009816859,0.3471877,97.25021719932556
00000359_009_aug4.png,00000359_009,8.462824826792195,15.725839343058112,7.263014516265917,85.82257892509088,0.09036611566382007,0.20465303799452858,0.11428692233070852,126.47099135684732,0.14246807,0.026755687,0.115712374,81.21986985206604
00005079_022_aug0.png,00005079_022,6.060190957269818,18.47807742641543,12.417886469145614,204.90916138952838,0.06916775746281394,0.32880086317464896,0.259633105711835,375.3672451379088,0.2477313,0.01419686,0.23353444,94.2692518234253
00005912_000_aug3.png,00005912_000,6.309895810167683,20.504382406923078,14.194486596755395,224.9559584467716,0.08639117408323183,0.3625646241865442,0.2761734501033124,319.6778525515103,0.23388934,0.00890352,0.22498582,96.19327783584595
00003989_000_aug4.png,00003989_000,7.8063188238865076,14.835317362984197,7.02899853909769,90.04242201317348,0.07429820025117824,0.18255957569587003,0.10826137544469179,145.71197563156983,0.16571741,0.032844923,0.13287249,80.18016815185547
00004181_000_aug3.png,00004181_000,4.485353316939977,16.12724626192562,11.641892944985642,259.5535317366713,0.03853115153735566,0.3140784468425635,0.27554729530520783,715.1286279053114,0.35601205,0.02439357,0.3316185,93.14810633659363
00006195_004_aug3.png,00006195_004,5.686111010138815,19.62298788807299,13.936876877934177,245.1038478334938,0.08802771862728612,0.38928690445164593,0.30125918582435984,342.23218609118646,0.27001566,0.0109068975,0.25910875,95.9606409072876
00006239_000_aug4.png,00006239_000,5.611637677403316,20.51812753630893,14.906489858905616,265.63528716278995,0.09233960899325612,0.38830112638019515,0.29596151738693904,320.51415488293236,0.2746858,0.008875386,0.2658104,96.76889181137085
00000181_061_aug1.png,00000181_061,7.169183418796484,18.380247372596944,11.21106395380046,156.37853433079692,0.11914968009895721,0.3407984451438994,0.2216487650449422,186.02548060628996,0.19190295,0.014520289,0.17738266,92.4335241317749
00000980_000_aug3.png,00000980_000,4.419445989428837,17.094569637732587,12.67512364830375,286.80345180419016,0.04424689910975511,0.2981744301059774,0.2539275309962223,573.887743785957,0.36145598,0.019522842,0.34193313,94.59882974624634
00005947_000_aug2.png,00005947_000,4.941994953057225,15.961517201900243,11.019522248843018,222.97720563284068,0.06302663638907025,0.31179419471996406,0.2487675583308938,394.7022601606482,0.3204797,0.025342433,0.29513726,92.09234118461609
00005853_000_aug3.png,00005853_000,4.293790962803443,17.702069091747305,13.408278128943863,312.27132958027175,0.05881839348901567,0.3643303227740136,0.30551192928499793,519.4156303198799,0.3720668,0.016974349,0.35509244,95.43781876564026
00001355_001_aug2.png,00001355_001,7.163745279429861,18.12484552493203,10.96110024550217,153.00795628476794,0.10731509832735993,0.31412132379075536,0.20680622546339544,192.7093472276774,0.1921434,0.015399813,0.17674358,91.98524951934814
00004148_002_aug3.png,00004148_002,4.571646773256246,17.137173452701816,12.56552667944557,274.85777669772864,0.0567544167638109,0.261624382583154,0.2048699658193431,360.9762508386434,0.34900796,0.019332262,0.3296757,94.46079730987549
00005643_000_aug1.png,00005643_000,6.373567902749363,17.953598314102784,11.580030411353421,181.68835082714267,0.07494902537816053,0.34741722436708466,0.27246819898892416,363.5380148229638,0.23048529,0.016019177,0.21446611,93.04980635643005
00005653_002_aug4.png,00005653_002,3.335371837547128,19.757417755908854,16.422045918361725,492.3602740028738,0.04872229031548242,0.2970046356763479,0.24828234536086546,509.5867697376474,0.46394107,0.010574461,0.4533666,97.72073030471802
00006265_000_aug3.png,00006265_000,4.75607724923722,20.263540758886222,15.507463509649003,326.0557534496752,0.06492119410587721,0.31192841785248926,0.24700722374661205,380.47239757139783,0.33449703,0.0094112195,0.32508582,97.18645811080933
00004205_004_aug4.png,00004205_004,6.85641029646816,18.530940686892617,11.674530390424458,170.2717586262039,0.09601675744544114,0.30258595714812603,0.2065691997026849,215.13869578449584,0.20623338,0.0140251,0.19220829,93.1994080543518
00006479_002_aug1.png,00006479_002,5.580674707084448,16.253309980862937,10.67263527377849,191.24274095800632,0.055349905081166426,0.2667774217928782,0.21142751671171178,381.9835217452847,0.27665117,0.02369567,0.2529555,91.43481850624084
00005570_000_aug1.png,00005570_000,4.686780377222135,20.282980284410282,15.596199907188147,332.77001804876653,0.06718733003778475,0.3657149542883057,0.29852762425052093,444.3213089173736,0.33987713,0.009369189,0.33050793,97.24335670471191
00005388_004_aug0.png,00005388_004,3.9619379344454497,19.949820005011954,15.987882070566505,403.53691388162343,0.04361104430009084,0.3614427731173446,0.31783172881725374,728.7872462540222,0.40161157,0.010116214,0.39149535,97.48109579086304
00005089_046_aug4.png,00005089_046,7.251878910871902,18.194354344181058,10.942475433309156,150.89159054909715,0.09553702847512809,0.33579426339405843,0.24025723491893036,251.48074914375053,0.18828344,0.0151553005,0.17312814,91.95080399513245
00005192_001_aug3.png,00005192_001,7.55339944925028,18.151202181559405,10.597802732309125,140.30507460268132,0.08962921520215893,0.1513962902817758,0.06176707507961689,68.9139974508324,0.17565481,0.015306637,0.16034818,91.2859559059143
00004857_021_aug0.png,00004857_021,8.962832659315932,15.021884234783595,6.059051575467663,67.60197145006282,0.08114829014937792,0.155268270633653,0.07411998048427508,91.33893067596973,0.12697455,0.031463828,0.09551072,75.2203643321991
00004438_003_aug2.png,00004438_003,6.106959073025299,14.93661567507424,8.82965660204894,144.5835234273947,0.04500572771066997,0.16763295584049584,0.12262722812982588,272.4702707134616,0.24507786,0.032087687,0.21299018,86.90714836120605
00006242_005_aug1.png,00006242_005,2.48002126705134,19.418805476716063,16.938784209664725,683.0096352280219,0.048966576308682876,0.3466565354121663,0.2976899591034834,607.9452180337473,0.5649342,0.011431927,0.55350226,97.97641634941101
00004750_002_aug2.png,00004750_002,6.537659394718208,17.317187169043095,10.779527774324887,164.88359401277,0.06309497857755797,0.2946191500314422,0.2315241714538842,366.94547913870633,0.22193924,0.018547324,0.20339191,91.64305925369263
00005026_008_aug0.png,00005026_008,7.2139315714248475,17.255403830040635,10.041472258615787,139.19555736279966,0.09161973527311622,0.28815256408024,0.19653282880712375,214.5092738166773,0.1899358,0.018813066,0.17112273,90.09503722190857
00004257_001_aug1.png,00004257_001,5.374795802699319,19.4442285453501,14.06943274265078,261.76683280851074,0.06011560728520781,0.17911386272694385,0.11899825544173603,197.94901992284628,0.29008174,0.011365201,0.27871653,96.08206748962402
00004857_013_aug4.png,00004857_013,7.302213125512559,18.406970080317645,11.104756954805087,152.07385437720458,0.08764060119156065,0.323383299180456,0.23574269798889536,268.9879973251441,0.18611385,0.014431219,0.17168263,92.24602580070496
00005834_001_aug2.png,00005834_001,7.939009672633954,19.961954292248993,12.02294461961504,151.44136504907598,0.13424441103697615,0.3670792012495175,0.23283479021254133,173.44095624838306,0.16073076,0.010087988,0.15064278,93.72367858886719
00005648_000_aug1.png,00005648_000,6.7930777987457,17.335811615322612,10.542733816576913,155.19819040676325,0.09548697697491172,0.31239310417366506,0.21690612719875335,227.15781153669084,0.20926288,0.018467955,0.19079491,91.17475152015686
00005742_009_aug3.png,00005742_009,8.278109950311,15.238489937361555,6.960379987050555,84.0817533087859,0.03866551636187999,0.054572573323733636,0.015907056961853648,41.14016430810241,0.14865825,0.029933052,0.118725196,79.86451983451843
00005682_004_aug4.png,00005682_004,4.693763927527067,19.681886151339036,14.988122223811969,319.3198988111133,0.06498520055101865,0.3484895743337119,0.2835043737826933,436.2599043764116,0.33933106,0.010759979,0.32857108,96.8290627002716
00006227_000_aug0.png,00006227_000,6.133454692286429,14.71165717597149,8.578202483685061,139.85922965198068,0.05509429665168343,0.18604408825824034,0.1309497916065569,237.68302631113752,0.24358724,0.033793587,0.20979366,86.12670302391052
00006199_005_aug1.png,00006199_005,4.675553005667923,20.2760288175155,15.600475811847577,333.6605486652799,0.06562260018225795,0.31281387984998554,0.24719127966772758,376.6862010666859,0.34075695,0.009384198,0.33137277,97.24607467651367
00005195_002_aug3.png,00005195_002,5.741311561736535,21.61152259319806,15.870211031461526,276.4213518254246,0.07487150658030695,0.3674419515921448,0.2925704450118379,390.7634003571542,0.26660532,0.0068999785,0.25970533,97.41191267967224
00005991_006_aug2.png,00005991_006,6.839757320317757,20.42814361621125,13.588386295893494,198.66766698766753,0.09599267405808228,0.36319306105162164,0.2672003869935394,278.35497824746966,0.2070257,0.009061198,0.1979645,95.62315344810486
00005526_000_aug0.png,00005526_000,5.439504517245831,16.41581738261368,10.97631286536785,201.7888362913881,0.07559468125324578,0.2621088711392473,0.18651418988600152,246.72924972217305,0.28579164,0.022825394,0.26296625,92.01327562332153
00004808_088_aug3.png,00004808_088,8.092676163763121,17.1578605858459,9.065184422082778,112.0171404198069,0.11329536727252627,0.3180339507088611,0.20473858343633483,180.71222889798003,0.15514308,0.019240392,0.13590269,87.59828805923462
00005116_000_aug0.png,00005116_000,7.168561979510032,19.59622673941237,12.427664759902338,173.36342763617654,0.10344732291060572,0.2870533127587771,0.1836059898481714,177.4874251766138,0.19193041,0.010974312,0.1809561,94.28213834762573
00005578_002_aug2.png,00005578_002,5.872430818748241,19.29915640648258,13.426725587734339,228.63999597693615,0.12309725780003128,0.2808467562146713,0.15774949841464003,128.15029451825853,0.25867647,0.011751258,0.2469252,95.45716047286987
00005712_004_aug0.png,00005712_004,6.669055312225163,23.325040657982928,16.655985345757763,249.7502954462738,0.087355064503189,0.30293721187350153,0.21558214737031253,246.7883786662907,0.215325,0.00465046,0.21067454,97.84026145935059
00005079_005_aug4.png,00005079_005,6.9622906175011305,16.615783394862046,9.653492777360915,138.65397622292443,0.08747209307894158,0.25369627188009397,0.1662241788011524,190.03109786242206,0.20126626,0.021798251,0.179468,89.169442653656
00000132_002_aug2.png,00000132_002,7.84755031768808,16.161480261829027,8.313929944140947,105.94299631824806,0.0889760305262417,0.28268698443407925,0.19371095390783755,217.71139121643145,0.16415153,0.024202041,0.1399495,85.25628447532654
00005254_009_aug3.png,00005254_009,7.442277287065759,17.65187235488076,10.209595067814998,137.18375000026774,0.09804356119912713,0.2255494845099218,0.12750592331079466,130.05027739846096,0.18020725,0.017171679,0.16303557,90.47114849090576
00006051_008_aug1.png,00006051_008,8.040747421050066,17.458019265488176,9.41727184443811,117.11935907580443,0.10548878717670009,0.34190921710651634,0.23642042992981627,224.11901421693074,0.15700926,0.017955523,0.13905373,88.56403231620789
00006123_006_aug1.png,00006123_006,5.91806031673757,17.40427566421443,11.486215347476861,194.08750051078948,0.06706703962831262,0.3143087528619688,0.24724171323365618,368.64861577889315,0.25597286,0.018179102,0.23779376,92.89803504943848
00005895_004_aug3.png,00005895_004,5.063019616829775,14.058329540596336,8.99530992376656,177.66689850194578,0.05696191561768716,0.1636421706202655,0.10668025500257836,187.2834750126508,0.31167215,0.039279602,0.27239254,87.39714026451111
00005991_010_aug1.png,00005991_010,4.227849049635291,19.54347533511437,15.315626285479077,362.25575004387287,0.06507397449672313,0.3164881166259374,0.25141414212921426,386.35129339129963,0.37775922,0.0111084245,0.3666508,97.05938696861267
00004911_020_aug4.png,00004911_020,7.650996291898755,21.335415537320962,13.684419245422207,178.8580038904467,0.1002307465471423,0.29270681102589313,0.19247606447875082,192.0329550655617,0.17175144,0.007352896,0.16439855,95.71887850761414
00004813_000_aug4.png,00004813_000,6.13916014234416,17.523456329473234,11.384296187129074,185.43735499921533,0.06501661819055564,0.22120953862015338,0.15619292042959776,240.23538100953772,0.24326745,0.017687008,0.22558044,92.72939562797546
00005343_000_aug2.png,00005343_000,4.258146783396274,19.13469168802756,14.876544904631285,349.3666531797158,0.05001583454027536,0.3238450160885797,0.2738291815483043,547.4849796374042,0.37513304,0.012204805,0.36292824,96.74654006958008
00006040_007_aug1.png,00006040_007,4.464623170261655,19.305862906438975,14.84123973617732,332.41864251910715,0.06639234162074403,0.3220958332758228,0.2557034916550788,385.14004087360763,0.35771543,0.011733125,0.3459823,96.71998620033264
00006271_038_aug0.png,00006271_038,7.6895239913101925,17.700618571042245,10.011094579732053,130.19134332691374,0.06674793012876368,0.16969651224972454,0.10294858212096086,154.23486829084044,0.1702345,0.016980018,0.15325448,90.02550840377808
00004556_001_aug3.png,00004556_001,3.9552572938415462,19.0254841593991,15.070226865557553,381.01761139590957,0.06684820269049684,0.367420335660481,0.30057213296998414,449.63382839418296,0.40222982,0.012515597,0.3897142,96.88844680786133
00006452_008_aug4.png,00006452_008,5.613362030196933,16.673180026994267,11.059817996797333,197.02662926961298,0.05749919537404241,0.19012362158285387,0.13262442620881146,230.65440367654918,0.27457678,0.021512061,0.25306472,92.16537475585938
00004876_009_aug2.png,00004876_009,7.714993846282001,18.3386485786276,10.623654732345598,137.7014025418223,0.07716662360000516,0.32861571664932293,0.2514490930493178,325.85213829324647,0.16923906,0.01466004,0.15457901,91.33766889572144
00005826_000_aug2.png,00005826_000,4.307782939638656,20.50474106876228,16.196958129123622,375.9929029869423,0.08765056860763332,0.3642290520033035,0.2765784833956702,315.54670755619435,0.37087,0.008902785,0.3619672,97.59948253631592
00006336_000_aug4.png,00006336_000,7.486706931823002,12.600920052348563,5.114213120525561,68.31058257118472,0.06785460059189316,0.09566967970725763,0.027815079115364474,40.99217867725191,0.17837308,0.054942448,0.12343064,69.19801831245422
00006535_005_aug1.png,00006535_005,7.370091627498368,17.102941625203407,9.732849997705038,132.05873806766581,0.08634331055102247,0.3464920299959701,0.26014871944494766,301.2957434510449,0.18322758,0.019485243,0.16374233,89.36554789543152
00004857_041_aug4.png,00004857_041,9.152657458561938,14.729260837085967,5.5766033785240285,60.928789302688735,0.08140959718994316,0.19533604426135467,0.11392644707141152,139.9422807677094,0.12154421,0.033656884,0.08788733,72.30893969535828
00006212_003_aug3.png,00006212_003,4.364202359091198,19.02860036798775,14.664398008896551,336.01553737187993,0.04528793011852535,0.320773655928791,0.27548572581026565,608.2983370829223,0.36608317,0.012506621,0.35357654,96.58366441726685
00006122_000_aug4.png,00006122_000,4.884680967950103,18.03176890935343,13.147087941403328,269.1493677410137,0.04594833829067589,0.22851904329866082,0.18257070500798495,397.33908080204344,0.3247371,0.015733417,0.30900368,95.1550304889679
00005617_000_aug4.png,00005617_000,5.60024838984968,15.856220509045475,10.255972119195794,183.13423629181352,0.06391618271765896,0.2977552478531567,0.23383906513549774,365.85267641600245,0.27540714,0.02596438,0.24944276,90.57236313819885
00006185_002_aug0.png,00006185_002,4.723595767885916,19.58769775082579,14.864101982939873,314.6776886370279,0.05897363110886437,0.34115236021160383,0.28217872910273945,478.48288090289384,0.33700818,0.010995885,0.32601228,96.73720002174377
00004616_001_aug2.png,00004616_001,10.530819509630774,13.410011949501722,2.8791924398709483,27.34063039669262,0.03429343932547669,0.042735407730252466,0.008441968404775776,24.616861332144705,0.08849485,0.045603566,0.042891286,48.46754968166351
00006271_044_aug4.png,00006271_044,7.078020328103937,20.4847026010845,13.406682272980563,189.41288173118244,0.10147045273237838,0.31707914694411865,0.21560869421174028,212.48421427703096,0.19597378,0.008943958,0.18702982,95.43614387512207
00004006_072_aug3.png,00004006_072,6.783677415784867,18.242181324921223,11.458503909136356,168.9128654979036,0.10072964569674094,0.2946332506532308,0.1939036049564899,192.49904396592507,0.20971632,0.014989318,0.194727,92.85257458686829
00005895_009_aug0.png,00005895_009,5.789895872080393,18.272622336149507,12.482726464069113,215.59500792168632,0.07842261574802417,0.24961536924401606,0.1711927534959919,218.29513318714447,0.26363945,0.01488462,0.24875483,94.35417652130127
00006232_000_aug3.png,00006232_000,6.0336373514459165,16.769980337266617,10.7363429858207,177.9414698042436,0.07057709655536533,0.19347097234148755,0.12289387578612222,174.12713441635583,0.24925064,0.02103788,0.22821276,91.55954718589783
00005061_001_aug4.png,00005061_001,7.652694492150802,17.29413189285861,9.641437400707806,125.9874859841434,0.06411222274212643,0.15934448776580784,0.09523226502368141,148.53995221274218,0.1716843,0.018646048,0.15303825,89.13934230804443
00001332_001_aug0.png,00001332_001,5.5517893894230745,20.570558982078005,15.01876959265493,270.52124169673584,0.08977160374461417,0.3735633511992937,0.2837917474546795,316.12640926191045,0.27849734,0.008768879,0.26972845,96.8513548374176
00005288_012_aug1.png,00005288_012,7.929496515650262,18.71683963395277,10.787343118302507,136.04070696054634,0.10056292786064892,0.3194548532354889,0.21889192537483998,217.66661933129149,0.16108324,0.013437425,0.14764582,91.65809154510498
00005693_000_aug3.png,00005693_000,4.1612820104372386,18.9407097689936,14.779427758556361,355.16525247476415,0.056520093448723954,0.3571044502150418,0.30058435676631784,531.8185771207427,0.38359398,0.0127623025,0.37083167,96.67296409606934
00005034_000_aug0.png,00005034_000,5.048826326692279,17.716039056235314,12.667212729543035,250.89420609644768,0.06405788873484125,0.27804918116580823,0.21399129243096698,334.05923401059044,0.3126924,0.016919833,0.29577258,94.58898901939392
00006490_008_aug3.png,00006490_008,7.43299871865204,18.49579686946075,11.06279815080871,148.83358075991876,0.1390166418089852,0.389799225269252,0.2507825834602668,180.3975266535734,0.18059269,0.0141390525,0.16645363,92.17075109481812
00004818_001_aug3.png,00004818_001,5.4722796487288505,18.416402490633285,12.944122841904434,236.5398640566772,0.05405028274467272,0.2818683116257945,0.2278180288811218,421.49276065272005,0.28364298,0.0143999085,0.26924306,94.92322206497192
00005365_006_aug0.png,00005365_006,4.209635295002249,20.18929092625261,15.979655631250361,379.5971506182895,0.056675833821666834,0.3562167044122671,0.29954087059060025,528.516036540582,0.37934685,0.009573504,0.36977333,97.47631549835205
00004761_007_aug3.png,00004761_007,6.593692134418704,19.381612520582262,12.78792038616356,193.9417268120744,0.0767863183795785,0.36815724607835,0.2913709276987715,379.45682752809546,0.21909416,0.01153025,0.2075639,94.737309217453
00005381_000_aug3.png,00005381_000,5.733613618682294,16.869189921289458,11.135576302607163,194.21567345108886,0.061468172704398374,0.18411373157627536,0.12264555887187699,199.52693154176202,0.26707834,0.020562742,0.2465156,92.30085611343384
00006138_008_aug1.png,00006138_008,4.568835873760516,18.484270113876406,13.91543424011589,304.5728632983784,0.05508580540389369,0.3264643029652276,0.2713784975613339,492.6468725864391,0.34923393,0.0141766295,0.3350573,95.94064950942993
00004254_000_aug4.png,00004254_000,4.3055721766496955,18.44401313784435,14.138440961194656,328.3754256373013,0.05495917186388946,0.353446549081879,0.29848737721798957,543.1074870582404,0.37105885,0.01430865,0.3567502,96.14382982254028
00004765_000_aug4.png,00004765_000,4.774669255585987,20.18543314687446,15.410763891288472,322.76086711679744,0.06540168339712264,0.3508360591295236,0.28543437573240094,436.43276580394365,0.33306813,0.009582011,0.32348612,97.12310433387756
00005413_003_aug0.png,00005413_003,6.303426337764323,18.424108536806273,12.12068219904195,192.2872030156994,0.07771775602139677,0.32868620217054895,0.25096844614915215,322.92291877297265,0.234238,0.014374381,0.21986362,93.86334419250488
00004396_001_aug2.png,00004396_001,3.700542174861081,19.375637935221377,15.675095760360296,423.5891666590381,0.03656198881688569,0.2607520704413901,0.2241900816245044,613.178026904721,0.42652628,0.011546123,0.41498014,97.2929835319519
00005874_001_aug2.png,00005874_001,6.629811621891762,19.802833668413207,13.173022046521446,198.69376081552423,0.0643456356883009,0.23167648834558982,0.16733085265728892,260.05004203837933,0.21727955,0.010464456,0.2068151,95.1838731765747
00004381_016_aug3.png,00004381_016,6.73763001005112,20.495218465074704,13.757588455023583,204.19032262828574,0.09630330857967147,0.34583041054385016,0.2495271019641787,259.10543017091214,0.21195176,0.008922327,0.20302944,95.79039812088013
00005372_019_aug1.png,00005372_019,6.0137907768163945,19.893919448936355,13.88012867211996,230.8049812046817,0.06862828222666706,0.3764905057720272,0.30786222354536014,448.593806455108,0.2503923,0.010247267,0.24014503,95.90751528739929
00004299_005_aug1.png,00004299_005,6.98509289480075,19.48142420137556,12.49633130657481,178.90000168610882,0.08686281911281238,0.2991093846849522,0.2122465655721398,244.34685374013281,0.20021228,0.0112682795,0.18894401,94.37183737754822
00005089_007_aug3.png,00005089_007,5.732312199206799,18.30832212009229,12.57600992088549,219.3880843165813,0.08706162064578815,0.3418823092909414,0.2548206886451532,292.6900358102636,0.26715836,0.0147627685,0.2523956,94.47415471076965
00004686_000_aug1.png,00004686_000,5.929243017680205,18.130491487211255,12.20124846953105,205.7808801755733,0.07689855830176882,0.36801236568749274,0.2911138073857239,378.56861534818614,0.25531462,0.015379805,0.23993482,93.97614002227783
00005140_000_aug1.png,00005140_000,9.75947345197541,17.130419273466412,7.370945821491002,75.52606047613207,0.10175956286468642,0.2760546842862971,0.1742951214216107,171.28131893940775,0.10569456,0.01936235,0.08633221,81.68084025382996
00006550_000_aug2.png,00006550_000,5.82685249686131,17.047280278257595,11.220427781396285,192.56412938958513,0.05279896062637826,0.13655366786545073,0.08375470723907247,158.62946210579148,0.26140553,0.019736582,0.24166894,92.4498200416565
00005667_000_aug0.png,00005667_000,4.999280184679354,19.649382458000662,14.650102273321309,293.044233012136,0.05840869474613611,0.34768471232028897,0.2892760175741529,495.26191063067586,0.3162802,0.010840811,0.30543938,96.57240509986877
00005244_000_aug1.png,00005244_000,4.344095129519082,19.169946894278677,14.825851764759594,341.2874562533097,0.04069591851829026,0.3017986537099912,0.26110273519170096,641.5944023338648,0.367782,0.012106129,0.35567588,96.70834541320801
00003973_012_aug1.png,00003973_012,6.218748281890379,19.860942877659102,13.642194595768723,219.37203400716774,0.11441813415184136,0.31130384650690124,0.19688571235505986,172.07561879463782,0.23884997,0.010325372,0.2285246,95.67704796791077
00005812_000_aug3.png,00005812_000,5.019102550924836,18.069259527546475,13.05015697662164,260.0097695596392,0.057907289500146855,0.30466869424439386,0.24676140474424701,426.13185123026904,0.3148399,0.0155981835,0.29924172,95.04567980766296
00004668_003_aug4.png,00004668_003,8.33165224704313,16.74153871717822,8.40988647013509,100.93900010192726,0.10845156236782486,0.26288533297987976,0.1544337706120549,142.39884353927198,0.14683676,0.021176107,0.12566066,85.57847738265991
00004534_004_aug2.png,00004534_004,6.3743281520793875,17.07725907051279,10.7029309184334,167.90680779341375,0.059526221746741104,0.2797744787008767,0.22024825695413558,370.002077221025,0.23044494,0.019600814,0.21084413,91.49436354637146
00004291_001_aug1.png,00004291_001,6.878731376354628,16.48897807602626,9.610246699671633,139.7095797737717,0.08086835456801111,0.2599300626257318,0.1790617080577207,221.42370648475108,0.20517613,0.0224441,0.18273203,89.06105756759644
00004338_009_aug0.png,00004338_009,5.676040426545943,19.71150373231693,14.035463305770989,247.2756050173524,0.06660132243986357,0.27334914798453336,0.2067478255446698,310.42600652764656,0.27064246,0.010686848,0.2599556,96.05130553245544
00004006_021_aug2.png,00004006_021,7.673302728181564,18.930179477149824,11.25687674896826,146.7018459681694,0.08129202735491647,0.3049036618157514,0.22361163446083493,275.0720356432482,0.17087154,0.012793284,0.15807825,92.5129234790802
00004413_000_aug4.png,00004413_000,5.139826927421559,16.1190017791983,10.97917485177674,213.6098161827512,0.061969032259965286,0.3060883879396882,0.2441193556797229,393.93766011323487,0.30620855,0.024439923,0.28176862,92.01853275299072
00005681_001_aug4.png,00005681_001,8.462037301337553,15.9442962575893,7.482258956251748,88.42148397371238,0.050431696995159626,0.07181582195582265,0.02138412496066302,42.40215228671651,0.1424939,0.02544312,0.11705078,82.14441537857056
00005759_013_aug2.png,00005759_013,5.623373994027654,19.76607171389921,14.142697719871554,251.49843732413873,0.05887509302181747,0.1758712811566285,0.11699618813481104,198.7193261698211,0.2739445,0.01055341,0.26339108,96.14760875701904
00005435_002_aug3.png,00005435_002,6.382782976634317,16.659068301793717,10.2762853251594,161.0000741491316,0.05720941188253854,0.12517873769866122,0.0679693258161227,118.80794362241696,0.22999674,0.021582073,0.20841467,90.61635732650757
00004533_010_aug4.png,00004533_010,7.024022660078854,19.207194037718196,12.183171377639342,173.45005799714446,0.10084925770192342,0.3378110964133078,0.23696183871138438,234.9663687280318,0.1984256,0.012002745,0.18642285,93.95100474357605
00005776_000_aug1.png,00005776_000,6.332931210965266,20.582028947468878,14.249097736503611,225.00003966301983,0.08029847866863467,0.39211570574011945,0.3118172270714848,388.3227082772659,0.23265204,0.00874575,0.2239063,96.24084830284119
00005164_000_aug0.png,00005164_000,5.592102412424928,16.330160648866855,10.738058236441926,192.02184517549875,0.06293723540978817,0.2804044359137551,0.2174672005039669,345.53027168737987,0.27592418,0.02328005,0.25264412,91.56287908554077
00004858_003_aug0.png,00004858_003,7.508268247279113,14.832396111011182,7.324127863732069,97.5474986044382,0.06529326559773532,0.17430329871663794,0.10901003311890262,166.95448163138528,0.17748971,0.032867026,0.14462268,81.48229122161865
00003952_000_aug1.png,00003952_000,6.166787528315691,21.527981083149264,15.361193554833573,249.0955539541527,0.10765451896130046,0.3457256257192993,0.23807110675799886,221.1436259759615,0.24172482,0.007033993,0.23469083,97.090083360672
00006344_002_aug2.png,00006344_002,6.03898842932471,18.152295837181608,12.113307407856897,200.58504084948922,0.10064321439926135,0.3115293521630537,0.21088613776379236,209.53835688036224,0.2489437,0.015302783,0.23364092,93.85291934013367
00004292_000_aug4.png,00004292_000,6.639593757142079,16.334958157339013,9.695364400196933,146.02345798291984,0.07849397601219278,0.3181845151923492,0.23969053918015643,305.3616995308332,0.21679068,0.02325435,0.19353633,89.2733633518219
00004839_002_aug4.png,00004839_002,5.4364340492780645,18.55394032181293,13.117506272534866,241.2887961783849,0.04839933154519224,0.2561025536515832,0.20770322210639094,429.1448155899649,0.28599378,0.01395102,0.27204275,95.12190818786621
00005934_002_aug0.png,00005934_002,6.638939010897301,18.976889235236627,12.337950224339325,185.8421986417941,0.10822967093497673,0.3123788171102538,0.20414914617527705,188.62585870553715,0.21682337,0.012656426,0.20416695,94.16279792785645
00005321_001_aug1.png,00005321_001,7.433557926871601,15.849291291260405,8.415733364388803,113.21272326360344,0.05961682691746843,0.15210410857535445,0.09248728165788601,155.13620304871702,0.18056943,0.026005838,0.15456359,85.59787273406982
00004102_001_aug3.png,00004102_001,3.9305296013721316,21.372622268905438,17.442092667533306,443.75935144832243,0.05755946171089186,0.4378141259491118,0.3802546642382199,660.6292917542436,0.4045266,0.007290172,0.3972364,98.19784760475159
00005717_000_aug1.png,00005717_000,4.81381515065738,19.057647122089435,14.243831971432055,295.8948677014925,0.06649879152188895,0.30715191247723556,0.2406531209553466,361.89096891502527,0.33007944,0.012423252,0.3176562,96.23628854751587
00004875_001_aug3.png,00004875_001,5.245733314968847,16.054852691206424,10.809119376237577,206.0554497765537,0.05645425410052438,0.30408697969632625,0.24763272559580188,438.6431625770107,0.2988317,0.024803601,0.2740281,91.69980883598328
00006244_000_aug1.png,00006244_000,5.264870894171111,16.869605472665434,11.604734578494323,220.41821749783566,0.04458571325440522,0.22682190728550275,0.18223619403109753,408.7322613664636,0.29751778,0.020560773,0.276957,93.0892288684845
00004997_000_aug1.png,00004997_000,4.519934409973655,20.5010427337715,15.981108323797844,353.56947411745716,0.06274986080798975,0.3981343650699854,0.3353845042619956,534.4784832085112,0.3531885,0.008910369,0.34427816,97.47716784477234
00006428_000_aug2.png,00006428_000,8.831087325827427,16.257334596255223,7.426247270427796,84.09210549542374,0.08313457068994481,0.19800823387362002,0.1148736631836752,138.17797124628595,0.13088542,0.023673723,0.1072117,81.91263675689697
00004006_034_aug2.png,00004006_034,7.360566971210152,16.400071882205765,9.039504910995614,122.80989964974707,0.06602288881217697,0.21552086478789798,0.149497975975721,226.43355761214173,0.18362986,0.022908298,0.16072156,87.52474188804626
00005527_000_aug4.png,00005527_000,6.285167783878189,16.005106174480776,9.719938390602586,154.64882919330773,0.05316647296379095,0.13781174882898392,0.08464527586519296,159.2079954651885,0.23522487,0.025089348,0.21013552,89.33388590812683
00006331_000_aug4.png,00006331_000,4.846227776925752,18.078288840663234,13.232061063737483,273.03836453455676,0.0814737772557471,0.3688245816803752,0.28735080442462807,352.6911530352038,0.32762516,0.015565788,0.31205937,95.24890780448914
00004381_002_aug2.png,00004381_002,6.550840588242783,20.56189135673562,14.011050768492838,213.8817237232024,0.11445810028149993,0.38663082313022434,0.2721727228487244,237.792451717562,0.22126663,0.008786398,0.21248023,96.02904915809631
00001101_014_aug1.png,00001101_014,7.69728013620683,14.756208060757103,7.058927924550273,91.70678213134215,0.05538242036069956,0.19599172536981088,0.1406093050091113,253.88797400571968,0.16993076,0.033448696,0.13648206,80.31628131866455
00005788_000_aug3.png,00005788_000,4.932518396024799,21.39098859411869,16.45847019809389,333.6727585518597,0.07096185451497944,0.38477550199597377,0.31381364748099433,442.2286447076308,0.32117975,0.007259407,0.31392035,97.73976802825928
00004546_000_aug2.png,00004546_000,4.2494838648632705,17.55080168161619,13.301317816752919,313.01019699673327,0.05705994737628815,0.262129612997826,0.20506966562153783,359.3933661893923,0.37588206,0.01757599,0.35830608,95.3240692615509
00005266_001_aug2.png,00005266_001,6.463581882919001,17.471228434523248,11.007646551604246,170.30257759546032,0.056492527172048515,0.12635140163554517,0.06985887446349666,123.66038122306125,0.2257573,0.017900996,0.2078563,92.07068681716919
00005216_001_aug2.png,00005216_001,6.92395162419349,18.303961916582626,11.380010292389136,164.35716062234465,0.0785860578345081,0.21371727136896848,0.1351312135344604,171.9531647955022,0.20305087,0.014777596,0.18827327,92.7222192287445
00005644_000_aug0.png,00005644_000,4.774853599118269,19.315205439314575,14.540351840196305,304.51932270512646,0.06603145445241194,0.3768895443989298,0.31085808994651787,470.7727438754957,0.333054,0.011707913,0.3213461,96.48468494415283
00005497_003_aug4.png,00005497_003,5.464830510753764,20.331495021186218,14.866664510432454,272.0425543148619,0.06912589569317332,0.37635643338411956,0.3072305376909462,444.4507150469914,0.2841299,0.009265108,0.2748648,96.7391312122345
00005712_005_aug3.png,00005712_005,7.69677243331489,16.10366457628112,8.406892142966228,109.2262011876256,0.057682404985793086,0.1418320338967073,0.08414962891091421,145.88439738537232,0.16995062,0.024526386,0.14542423,85.56852340698242
00004746_001_aug0.png,00004746_001,6.423190041874269,18.294684061650454,11.871494019776184,184.82240043316725,0.0651529201217844,0.2931148346035505,0.22796191448176606,349.88748632549033,0.22786677,0.0148092,0.21305756,93.50093603134155
00005089_002_aug2.png,00005089_002,8.08149844388861,17.479946443236678,9.398447999348068,116.2958585539958,0.11640464459922562,0.3350126335904721,0.2186079889912465,187.80005707152068,0.15554288,0.017865095,0.13767779,88.51436376571655
00005712_022_aug3.png,00005712_022,8.007833629911087,18.261184102313294,10.253350472402207,128.04150218735316,0.10833178017504605,0.31065533152679004,0.20232355135174399,186.76287883834544,0.15820369,0.014923874,0.14327982,90.5666708946228
00005101_003_aug4.png,00005101_003,5.50682597579241,21.918661652123184,16.411835676330774,298.0271348409404,0.08541074669980607,0.30427554745884755,0.21886480075904147,256.24972174554046,0.28139567,0.0064288583,0.2749668,97.71536588668823
00005778_018_aug4.png,00005778_018,4.881906782931093,21.168197497388764,16.28629071445767,333.60511453025725,0.0888198644196257,0.34711995642777005,0.25830009200814436,290.8134274871402,0.3249446,0.0076415287,0.31730306,97.64835834503174
00004866_000_aug4.png,00004866_000,4.6637971999359475,17.99454424628072,13.330747046344774,285.83462090778426,0.04659673622488763,0.2675474513681322,0.22095071514324455,474.17637595234254,0.3416806,0.015868854,0.32581174,95.3556478023529
00005099_006_aug4.png,00005099_006,7.2610008517445115,17.048210563490496,9.787209711745984,134.79146899417498,0.1260329410168712,0.2984867566220257,0.17245381560515446,136.8323346370765,0.18788837,0.019732356,0.16815601,89.49782848358154
00005908_000_aug2.png,00005908_000,3.309028323631418,19.83414049715519,16.525112173523773,499.3947031371634,0.05470956285537092,0.3638062256782831,0.30909666282291215,564.9773946102142,0.4667638,0.010389292,0.4563745,97.77418375015259
00005066_013_aug1.png,00005066_013,6.632418868698481,20.652936765245094,14.020517896546615,211.3937339319153,0.08585302426815036,0.2806718416147439,0.19481881734659354,226.92132165094523,0.21714915,0.008604118,0.20854503,96.03769183158875
00005372_015_aug2.png,00005372_015,6.369724850517986,19.818868846908153,13.449143996390166,211.14167898942262,0.10028713985760483,0.4546481598248533,0.35436101996724845,353.3464215555421,0.23068932,0.01042589,0.22026342,95.48054933547974
00001029_003_aug3.png,00001029_003,6.72158832128749,20.20506025855646,13.483471937268972,200.59949066750153,0.10591199161555549,0.3330806229707577,0.2271686313552022,214.48811214861294,0.21273607,0.009538805,0.20319727,95.51613330841064
00005502_015_aug2.png,00005502_015,6.783617024546082,19.034963090484986,12.251346065938904,180.60197121400273,0.06103767102587595,0.11916482744769344,0.05812715642181749,95.23160934036197,0.20971924,0.01248831,0.19723094,94.04522776603699
00004547_000_aug4.png,00004547_000,4.937536449506593,20.658688843577295,15.721152394070701,318.40073597110785,0.06261465995064662,0.34231233184294424,0.2796976718922976,446.696783329587,0.32080886,0.0085927285,0.31221613,97.32154607772827
00004953_000_aug4.png,00004953_000,6.430839299415593,15.64673412704109,9.215894827625496,143.30780786985295,0.0681366632454516,0.18585782289721478,0.11772115965176318,172.77212303116642,0.2274658,0.027247496,0.20021829,88.02127242088318
00005022_003_aug3.png,00005022_003,3.520785577784297,19.693699329045984,16.17291375126169,459.3552601814404,0.0501521793252021,0.34199725943742854,0.29184508011222643,581.9190392900247,0.44455087,0.01073075,0.43382013,97.58616089820862
00006189_003_aug0.png,00006189_003,7.344022137348447,19.24877537895572,11.904753241607274,162.101271196678,0.07489665221603083,0.17772772572073242,0.1028310735047016,137.29728961462405,0.18433076,0.011888375,0.17244239,93.5505211353302
00004512_000_aug2.png,00004512_000,7.3798548645820325,15.33079424696012,7.950939382378088,107.73842478307871,0.0892716523110344,0.2397570886098268,0.1504854362987924,168.57023747525247,0.18281613,0.029303573,0.15351257,83.97101759910583
00006323_008_aug4.png,00006323_008,5.771010901415723,19.672150040377467,13.901139138961744,240.87875376481387,0.09028534045033587,0.39945891229853964,0.30917357184820377,342.4405006461418,0.26478836,0.010784127,0.25400424,95.92726826667786
00004915_004_aug1.png,00004915_004,8.471208915597789,16.761307375205718,8.290098459607929,97.86204710810064,0.11874954251159477,0.259904981080795,0.14115543856920026,118.86819568624256,0.14219329,0.021079935,0.12111335,85.17515659332275
00004933_003_aug2.png,00004933_003,8.189850087230495,16.376644596628747,8.186794509398252,99.96269067443608,0.12301374524671324,0.2919538821414888,0.16894013689477558,137.33435768169932,0.15171027,0.023032207,0.12867807,84.81829762458801
00004837_000_aug1.png,00004837_000,4.648697588282893,19.0382636864173,14.389566098134406,309.53973290074856,0.06059496956759451,0.42950458772206096,0.36890961815446643,608.8122839024496,0.3428706,0.012478823,0.33039176,96.36048674583435
00006271_079_aug2.png,00006271_079,5.892715894119855,19.484302896431945,13.591587002312089,230.65064134306357,0.08602169327079487,0.31580106484777165,0.22977937157697678,267.11793599974266,0.25747105,0.011260812,0.24621025,95.6263780593872
00005532_046_aug1.png,00005532_046,4.8756397561737,19.327505906879733,14.451866150706032,296.4096379845658,0.07617137529321506,0.23272573333196528,0.15655435803875023,205.5291209277867,0.32541385,0.011674799,0.31373906,96.41232490539551
00005723_007_aug2.png,00005723_007,5.838581964381754,15.150251959798647,9.311669995416892,159.48512930404505,0.07039499145716271,0.2560545867825219,0.1856595953253592,263.73977960965897,0.26070046,0.03054744,0.23015302,88.28255534172058
00006046_002_aug2.png,00006046_002,4.246595769873036,20.51622568392229,16.269629914049254,383.1217001974191,0.04521383466768751,0.35161379176825935,0.30639995710057183,677.6685927051957,0.37613213,0.008879274,0.36725286,97.63932228088379
00006271_071_aug2.png,00006271_071,7.203300285662808,20.45816879202452,13.254868506361712,184.01105022296142,0.06319446353046068,0.24400647103973677,0.1808120075092761,286.1200133807956,0.19040132,0.008998769,0.18140255,95.27378678321838
00005384_000_aug0.png,00005384_000,6.2824619192023965,17.61079795204139,11.328336032838994,180.31682767887284,0.07714785947695899,0.3211382998585099,0.2439904403815509,316.2633960757151,0.23537147,0.017334854,0.21803662,92.63511300086975
00000870_001_aug4.png,00000870_001,9.900473399829114,19.428196235302202,9.527722835473089,96.235022818581,0.07397510246267307,0.14559513714772673,0.07162003468505367,96.81640484539005,0.102318145,0.011407235,0.09091091,88.8512134552002
00004822_031_aug0.png,00004822_031,7.0587289954128805,19.941058166541854,12.882329171128973,182.502107383646,0.09724734586939086,0.36426666423397047,0.2670193183645796,274.57748689943975,0.19684623,0.010136643,0.18670958,94.85047459602356
00005793_002_aug2.png,00005793_002,8.095509044653438,18.425050645590538,10.3295416009371,127.59594911155212,0.059912075174844676,0.09653208305292534,0.03662000787808066,61.12291682638349,0.1550419,0.014371263,0.14067064,90.73072671890259
00005759_036_aug0.png,00005759_036,5.64271257081548,18.821911997288407,13.179199426472927,233.56141680220793,0.09270242076863003,0.3076618934558621,0.21495947268723206,231.88118595493367,0.27272737,0.013116224,0.25961116,95.1907217502594
00005365_002_aug3.png,00005365_002,5.565017976693623,22.399582345432727,16.834564368739102,302.5069180233111,0.07457666118098534,0.3911903025827906,0.31661364140180526,424.54788990007984,0.27765033,0.005754953,0.27189538,97.92726635932922
00005216_007_aug4.png,00005216_007,5.8369868165693255,18.788110479233136,12.95112366266381,221.8802966266729,0.07124536056539463,0.2848442524220998,0.2135988918567052,299.8074403183731,0.26079625,0.0132187065,0.24757755,94.93140578269958
00006188_000_aug2.png,00006188_000,5.033858724739647,21.339869702602773,16.306010977863124,323.9266707610368,0.061095863609412174,0.3146531076407698,0.25355724403135765,415.01540211029226,0.31377196,0.007345359,0.3064266,97.65901565551758
00005006_002_aug2.png,00005006_002,7.261549556856365,18.326504605635726,11.06495504877936,152.37732610847246,0.09209448557149866,0.3545341328910434,0.2624396473195447,284.96781939869413,0.18786465,0.014701091,0.17316356,92.17464327812195
00005737_003_aug0.png,00005737_003,5.688765554740343,18.900736890367252,13.21197133562691,232.24671870363193,0.05407747512284368,0.27638385130234666,0.222306376179503,411.08867541338896,0.26985064,0.01288031,0.25697035,95.22687792778015
00004625_011_aug2.png,00004625_011,7.806570377644909,16.320273267828416,8.513702890183506,109.05817123693086,0.06164821576771794,0.24489419805667229,0.18324598228895433,297.2445836541323,0.1657078,0.023333114,0.14237468,85.91911792755127
00005437_000_aug1.png,00005437_000,5.810067056598404,17.99922280498305,12.189155748384644,209.79371889592232,0.07072257926739245,0.2929620221888993,0.22223944292150682,314.24114508218054,0.2624178,0.01585177,0.24656603,93.95933747291565
00004822_005_aug4.png,00004822_005,8.54367763151006,22.117999115499497,13.574321483989436,158.8814801944983,0.11462861832928724,0.2438519943791125,0.12922337604982526,112.73221114696896,0.13984026,0.0061404486,0.1336998,95.60894966125488
00005624_000_aug0.png,00005624_000,4.086631292472696,17.624924410314584,13.538293117841889,331.2824707914934,0.03462157401339186,0.26987707337716965,0.2352554993637778,679.5054992958419,0.39024457,0.01727856,0.37296602,95.5723762512207
00004330_001_aug2.png,00004330_001,4.737776230293637,17.56005094301326,12.822274712719622,270.63909499847625,0.06836617015682873,0.31134248402966974,0.24297631387284102,355.40430788424294,0.33590955,0.0175386,0.31837094,94.77877020835876
00005722_005_aug1.png,00005722_005,4.194240290933098,19.773605665698312,15.579365374765214,371.44665765678513,0.03989511655210567,0.3894127507559676,0.34951763420386195,876.0912723424901,0.38069394,0.010535118,0.37015882,97.23265171051025
00005480_000_aug1.png,00005480_000,4.599744884938227,19.066872298506425,14.467127413568198,314.52021308704576,0.07782769458024441,0.3086402772708807,0.23081258269063631,296.568700814665,0.3467572,0.012396891,0.3343603,96.42490148544312
00005694_001_aug1.png,00005694_001,7.5531656030061285,18.693862474334992,11.140696871328863,147.49705563048838,0.06004077897811281,0.09995780445144273,0.03991702547332992,66.4831905127034,0.17566428,0.013508705,0.16215557,92.30992794036865
00004682_003_aug3.png,00004682_003,4.33070070925526,19.779409428759415,15.448708719504154,356.7253836426122,0.04822590235815991,0.3404008199432916,0.29217491758513164,605.8464503478494,0.36891806,0.01052105,0.358397,97.14813232421875
00004367_000_aug3.png,00004367_000,9.31881732146448,16.658891784349464,7.340074462884985,78.76615894141673,0.07489651163000842,0.20193879050076985,0.12704227887076142,169.6237596463171,0.11698179,0.02158295,0.09539884,81.55016303062439
00004081_001_aug4.png,00004081_001,5.525126435804255,18.844421398611416,13.319294962807161,241.06769532900944,0.07651832299095919,0.30246406394180914,0.22594574095084996,295.2831846269631,0.2802124,0.013048418,0.267164,95.34338712692261
00005052_000_aug0.png,00005052_000,3.408904879839505,20.771141707422558,17.362236827583054,509.3200731491366,0.042813240865078456,0.3805546745656715,0.33774143370059306,788.8714492905375,0.4561519,0.008373091,0.44777882,98.16440939903259
00005069_008_aug2.png,00005069_008,6.134762544570598,17.88845033092398,11.753687786353382,191.59156855640092,0.08690993159721469,0.3088357958100817,0.221925864212867,255.35155779593245,0.24351388,0.016261289,0.22725259,93.32222938537598
00004006_010_aug0.png,00004006_010,4.7659865673253226,16.96300692734119,12.197020360015868,255.91805993823544,0.05890101926078634,0.298929843853532,0.24002882459274566,407.5121748403191,0.3337347,0.020123307,0.3136114,93.97026896476746
00004809_003_aug0.png,00004809_003,6.336704139893969,18.42832995447739,12.091625814583422,190.8188475844755,0.10532023455391831,0.3430671389870989,0.23774690443318058,225.73715814454144,0.23245004,0.014360415,0.21808963,93.82215142250061
